 -6.5727343e-001 -4.5606100e-001
  5.1961301e-002 -7.9831073e-001
 -1.3579877e-001  7.8838994e-001
 -7.9996399e-001 -7.5904265e-003
 -3.3077361e-001 -7.2841528e-001
  7.6243804e-001 -2.4225655e-001
  7.9941059e-001 -3.0703567e-002
 -5.2312781e-001  6.0525804e-001
  2.6245620e-001 -7.5572266e-001
 -7.3221875e-001  3.2226651e-001
  4.6344120e-001  6.5209068e-001
 -6.1771117e-001  5.0836297e-001
  1.3818204e-001  7.8797571e-001
 -4.7365199e-001  6.4471218e-001
 -4.7049045e-001  6.4702298e-001
 -1.2070726e-001 -7.9084117e-001
  5.4836831e-001  5.8248794e-001
  7.1907118e-001  3.5062321e-001
 -7.6976958e-001 -2.1784121e-001
 -6.9772707e-001  3.9137825e-001
  1.7369931e-001  7.8091520e-001
 -7.9902989e-001  3.9385728e-002
 -2.1297813e-001  7.7112925e-001
  6.6762157e-001 -4.4077368e-001
 -6.1074595e-001 -5.1671016e-001
  6.6724663e-001 -4.4134106e-001
  7.8231342e-001  1.6728931e-001
 -7.7939471e-001  1.8039924e-001
 -7.8859189e-001 -1.3462104e-001
  7.8690249e-001 -1.4416819e-001
 -3.9606750e-001 -6.9507592e-001
  3.8096501e-001 -7.0346689e-001
  4.3740468e-001  6.6983367e-001
  1.2031626e-001  7.9090075e-001
  4.4483089e-002 -7.9876233e-001
  7.8741545e-001 -1.4133972e-001
  6.7611560e-001 -4.2763033e-001
  7.7807206e-001 -1.8602115e-001
  7.0322128e-001  3.8141819e-001
  4.7321893e-001 -6.4503011e-001
 -7.5711148e-001 -2.5842254e-001
  7.6635229e-001  2.2957388e-001
 -6.9196378e-001 -4.0147992e-001
  2.8011631e-001 -7.4935629e-001
  3.2556411e-001 -7.3075852e-001
  7.1335082e-001  3.6211960e-001
  7.4959577e-001  2.7947482e-001
 -5.3438741e-001 -5.9534032e-001
  7.9429973e-001 -9.5330669e-002
 -2.9299383e-001 -7.4441562e-001
 -2.7201167e-001  7.5233613e-001
 -7.8014975e-001 -1.7710551e-001
 -7.2218285e-001 -3.4416845e-001
 -2.0196612e-001  7.7408636e-001
 -7.8988605e-001  1.2680704e-001
 -5.0108398e-001 -6.2363038e-001
 -2.5674366e-001  7.5768245e-001
  2.9282400e-001  7.4448244e-001
  7.9447699e-001 -9.3841954e-002
 -6.6875269e-002  7.9719991e-001
 -7.9222529e-001  1.1126138e-001
  1.2338828e-001 -7.9042731e-001
 -7.2577530e-001 -3.3652669e-001
  3.9883241e-001 -6.9349312e-001
  5.4709074e-001 -5.8368804e-001
  7.7879081e-001  1.8298871e-001
  5.3677962e-001 -5.9318432e-001
  1.4826424e-001  7.8614103e-001
  1.3842923e-001 -7.8793233e-001
  6.9272140e-001 -4.0017130e-001
 -1.2095166e-001  7.9080383e-001
 -2.7308694e-001 -7.5194649e-001
 -6.5795909e-001  4.5507125e-001
  4.3684814e-001 -6.7019676e-001
  1.8911049e-001 -7.7732697e-001
 -7.0979928e-001  3.6903249e-001
 -4.4195030e-002  7.9877832e-001
 -1.1992031e-001 -7.9096088e-001
 -3.6123434e-001  7.1379952e-001
 -7.9809759e-001 -5.5138394e-002
 -3.2889103e-001 -7.2926723e-001
 -1.5593588e-001  7.8465534e-001
 -7.1394402e-001  3.6094866e-001
 -2.0085358e-001  7.7437577e-001
 -6.3624832e-001 -4.8496193e-001
  5.4919855e-001 -5.8170521e-001
  1.1732381e-001 -7.9135019e-001
 -4.2061094e-001  6.8050455e-001
  7.4555278e-002  7.9651837e-001
  6.6641259e-001  4.4259944e-001
  1.4215649e-001 -7.8726840e-001
 -2.1348136e-001 -7.7099008e-001
  2.9305511e-001  7.4439150e-001
 -6.7010565e-001 -4.3698789e-001
 -5.1135033e-001  6.1524047e-001
  5.0851491e-001  6.1758610e-001
  3.0487797e-001 -7.3962789e-001
  7.8561226e-001 -1.5104097e-001
 -7.4053954e-002  7.9656513e-001
 -5.0511618e-001 -6.2036896e-001
